[gd_scene load_steps=4 format=2]

[ext_resource path="res://Player.tscn" type="PackedScene" id=1]

[sub_resource type="BoxShape" id=1]
extents = Vector3( 30, 1, 30 )

[sub_resource type="CubeMesh" id=2]
size = Vector3( 60, 2, 60 )

[node name="Main" type="Node"]

[node name="Ground" type="StaticBody" parent="."]
transform = Transform( 1, 0, 0, 0, 1, 0, 0, 0, 1, 0, -1, 0 )

[node name="CollisionShape" type="CollisionShape" parent="Ground"]
shape = SubResource( 1 )

[node name="MeshInstance" type="MeshInstance" parent="Ground"]
mesh = SubResource( 2 )
material/0 = null

[node name="DirectionalLight" type="DirectionalLight" parent="."]
transform = Transform( -0.215579, 0.915106, 0.340745, 0.0647185, -0.334793, 0.940067, 0.974339, 0.224711, 0.01295, 0, 2.65981, 0 )
shadow_enabled = true

[node name="Player" parent="." instance=ExtResource( 1 )]

[node name="CameraPivot" type="Position3D" parent="."]
transform = Transform( 1, 0, 0, 0, 0.707107, -0.707107, 0, 0.707107, 0.707107, 0, 0, 0 )

[node name="Camera" type="Camera" parent="CameraPivot"]
transform = Transform( 0.996014, 0.0109512, -0.0885213, 0.0885213, -0.24321, 0.965926, -0.0109512, -0.969912, -0.24321, 0, 19, -3.594 )
